<?xml version="1.0"?>
<opencv_storage>
<calibration_Time>"Tue Oct 17 14:09:43 2017"</calibration_Time>
<nrOfFrames>25</nrOfFrames>
<image_Width>640</image_Width>
<image_Height>480</image_Height>
<board_Width>9</board_Width>
<board_Height>6</board_Height>
<square_Size>28.</square_Size>
<FixAspectRatio>1.</FixAspectRatio>
<!-- flags:  +fix_aspectRatio +fix_principal_point +zero_tangent_dist -->
<flagValue>14</flagValue>
<Camera_Matrix type_id="opencv-matrix">
  <rows>3</rows>
  <cols>3</cols>
  <dt>d</dt>
  <data>
    5.3671872113194513e+02 0. 3.1950000000000000e+02 0.
    5.3671872113194513e+02 2.3950000000000000e+02 0. 0. 1.</data></Camera_Matrix>
<Distortion_Coefficients type_id="opencv-matrix">
  <rows>5</rows>
  <cols>1</cols>
  <dt>d</dt>
  <data>
    -2.3713538868660003e-01 1.5728738159638558e-01 0. 0.
    -8.7660012322019074e-02</data></Distortion_Coefficients>
<Avg_Reprojection_Error>2.1638323289588479e+00</Avg_Reprojection_Error>
<Per_View_Reprojection_Errors type_id="opencv-matrix">
  <rows>25</rows>
  <cols>1</cols>
  <dt>f</dt>
  <data>
    2.13912988e+00 1.77435553e+00 1.30960453e+00 1.85865235e+00
    1.86610591e+00 3.18965077e+00 8.67892027e-01 1.25867379e+00
    1.18443632e+00 1.54904938e+00 2.01869345e+00 2.13857150e+00
    1.78625834e+00 3.59630203e+00 4.22711897e+00 3.21980929e+00
    3.69971013e+00 2.12854886e+00 2.02011037e+00 1.44944417e+00
    1.09560943e+00 1.12024570e+00 8.56858611e-01 1.28050470e+00
    1.45817864e+00</data></Per_View_Reprojection_Errors>
<!-- a set of 6-tuples (rotation vector + translation vector) for each view -->
<Extrinsic_Parameters type_id="opencv-matrix">
  <rows>25</rows>
  <cols>6</cols>
  <dt>d</dt>
  <data>
    1.9448723617058875e-01 3.9139254397629708e-01 3.5626176814714478e-01
    -1.0611875380733117e+02 -1.1047275679997847e+02
    4.8380726158923881e+02 3.1119716991777668e-01
    -1.3235294062406283e-01 -6.0536270942984116e-01
    -5.0747302436398009e+01 3.1366884383315192e+01
    4.4864748248026655e+02 1.3166033035935928e-02 4.8751853318047905e-01
    2.6064959110203184e-01 -4.2887630891250559e+01
    -1.2136326375691760e+02 4.9690422363375643e+02
    1.3822808415865784e-01 2.7110127997924321e-01 3.0438437309622052e-01
    -5.5075169570811582e+01 -1.1941920612292171e+02
    4.7309973061104779e+02 2.8773775681234487e-01
    -1.4141356456780613e-01 5.0216851623254832e-01
    -1.3819862078386859e+02 -1.3644945310611502e+02
    4.1624224381387666e+02 4.0188600964861959e-01 1.8735707188695597e-01
    4.0739689070620949e-01 -4.5762942200854049e+01
    -1.0481881409198694e+02 4.3337404405839203e+02
    -7.3570819921766825e-02 2.4782081103248016e-01
    3.5841861492738819e-01 -6.6924882635859646e+01
    -1.2318209082323106e+02 4.6981353417086677e+02
    1.7171196750314313e-01 -4.4768054546170877e-01
    -7.1007532140252363e-02 -8.6173192273305403e+01
    -7.7208761523222407e+01 4.1988702592705278e+02
    -1.1251014809931367e-01 2.7221091509213546e-01
    -5.6436203149843311e-01 -6.8553689318488580e+01
    -7.2187961136812973e+01 5.2668861495065835e+02
    2.1929086007885099e-01 1.6004876684778691e-01 4.5345668210827933e-01
    1.0166646715799701e+00 -1.2565241463696394e+02
    4.4115435915166347e+02 -6.5600699216696395e-02
    -7.7100269870552240e-02 6.2260312594346867e-01
    -5.3236916288556152e+01 -9.0370606977621549e+01
    4.5685379463985396e+02 1.5576602190502709e-02 9.1001623504858395e-02
    -6.9634450452455676e-01 -1.0857714673300208e+02
    3.4076170588809426e+01 4.7190300320167529e+02 3.0176769756247949e-02
    -5.5545025876971821e-01 -8.1086440383848560e-03
    -9.6619987325853501e+01 -6.5772534090165536e+01
    3.7060632376145912e+02 3.5925924674927995e-01
    -1.3286682367731797e-01 -5.0869164217647800e-01
    -1.0881507601823479e+02 3.6528784463460604e+00
    4.2184070910585405e+02 4.0425118949938499e-01 1.5090075018968746e-01
    6.1072979468835220e-01 -6.0054406418831626e+01
    -8.1712773080733143e+01 4.2326952409598312e+02
    2.0649263065208492e-01 1.2590384634272131e-01
    -7.6186684983088970e-01 -1.9191208463031522e+01
    4.2752582404076762e+01 4.8201239905457669e+02 1.9135647700000583e-01
    3.2038171678198349e-02 3.2344856879685469e-01
    -1.6407922721321228e+02 -5.7116123827938559e+01
    4.4849809406157345e+02 2.8401629274444196e-01
    -5.3549809929359649e-01 2.6265618751875091e-02
    -1.8695861247842288e+02 -4.7287108311253668e+01
    3.7737764154300243e+02 2.5138363800165159e-01
    -4.9682967167153658e-01 7.8183611079611193e-02
    -2.0400628912540262e+02 -6.3896791866454407e+01
    3.7932101956718009e+02 -1.0226440117146957e-01
    3.2608979110108854e-01 3.9808135494215130e-01
    -4.4702831973691580e+01 -5.3348912823941113e+01
    4.9534809069529422e+02 -2.3187943357834881e-01
    2.5551789286535287e-01 1.9330252950157908e-01
    -8.7631547516593585e+01 -8.4713053961340393e+01
    4.9113180945601317e+02 -1.3961115064715915e-01
    4.6543124638475875e-02 -5.8522157472334406e-02
    -7.0982719670650070e+01 -2.3561219004109169e+01
    4.8417053880284806e+02 -6.8527270032284718e-02
    3.2255551671126159e-01 3.5059497318572941e-01
    -6.7192428021426352e+01 -1.1974712411838864e+02
    4.8329048579594377e+02 8.6393345659504947e-02 1.3889462843976660e-01
    5.6633173086420519e-01 -2.4750208325420822e+01
    -9.6196290085476463e+01 4.5944242415537451e+02
    1.8332924253419841e-02 -3.6271082557466763e-02
    -4.0475854253823516e-02 -2.3937638022037422e+01
    -3.0782565835566945e+01 4.5810164098757423e+02</data></Extrinsic_Parameters>
